118 0 0 -122
119 0 0 -123
117 0 0 -123
116 0 0 -123
115 0 0 -123
114 0 0 -123
113 0 0 -123
112 0 0 -123
111 0 0 -123
110 0 0 -123
109 0 0 -123
108 0 0 -123
107 0 0 -123
106 0 0 -123
105 0 0 -123
104 0 0 -123
103 0 0 -123
102 0 0 -123
101 0 0 -123
100 0 0 -123
99 0 0 -123
98 0 0 -123
97 0 0 -123
96 0 0 -123
95 0 0 -123
94 0 0 -123
93 0 0 -123
92 0 0 -123
91 0 0 -123
90 0 0 -123
89 0 0 -123
88 0 0 -123
87 0 0 -123
86 0 0 -123
85 0 0 -123
84 0 0 -123
83 0 0 -123
82 0 0 -123
81 0 0 -123
80 0 0 -123
79 0 0 -123
78 0 0 -123
77 0 0 -123
76 0 0 -123
75 0 0 -123
74 0 0 -123
73 0 0 -123
72 0 0 -123
71 0 0 -123
70 0 0 -123
69 0 0 -123
68 0 0 -123
67 0 0 -123
66 0 0 -123
65 0 0 -123
64 0 0 -123
63 0 0 -123
62 0 0 -123
61 0 0 -123
60 0 0 -123
59 0 0 -123
58 0 0 -123
57 0 0 -123
56 0 0 -123
55 0 0 -123
54 0 0 -123
53 0 0 -123
52 0 0 -123
51 0 0 -123
50 0 0 -123
49 0 0 -123
48 0 0 -123
47 0 0 -123
46 0 0 -123
45 0 0 -123
44 0 0 -123
43 0 0 -123
42 0 0 -123
41 0 0 -123
40 0 0 -123
39 0 0 -123
38 0 0 -123
37 0 0 -123
36 0 0 -123
35 0 0 -123
34 0 0 -123
33 0 0 -123
32 0 0 -123
31 0 0 -123
30 0 0 -123
29 0 0 -123
28 0 0 -123
27 0 0 -123
26 0 0 -123
25 0 0 -123
24 0 0 -123
23 0 0 -123
22 0 0 -123
21 0 0 -123
20 0 0 -123
19 0 0 -123
18 0 0 -123
17 0 0 -123
16 0 0 -123
15 0 0 -123
14 0 0 -123
13 0 0 -123
12 0 0 -123
11 0 0 -123
10 0 0 -123
9 0 0 -123
8 0 0 -123
7 0 0 -123
6 0 0 -123
5 0 0 -123
4 0 0 -123
3 0 0 -123
2 0 0 -123
1 0 0 -123
0 0 0 -123
122 0 0 -122
123 0 0 -123
121 0 0 -123
120 0 0 -123
127 6 0 -122
127 7 0 -123
127 5 0 -122
127 4 0 -122
127 3 0 -122
127 2 0 -122
127 1 0 -123
127 0 0 -123
126 0 0 -123
125 0 0 -123
124 0 0 -123
127 13 0 -122
127 14 0 -123
127 12 0 -122
127 11 0 -123
127 10 0 -123
127 9 0 -123
127 8 0 -123
127 19 0 -122
127 20 0 -123
127 18 0 -122
127 17 0 -123
127 16 0 -123
127 15 0 -123
127 28 0 -122
127 29 0 -123
127 27 0 -122
127 26 0 -122
127 25 0 -122
127 24 0 -122
127 23 0 -122
127 22 0 -123
127 21 0 -123
14 48 0 -122
14 49 0 -123
14 47 0 -123
14 46 0 -123
14 45 0 -123
13 45 0 -123
12 45 0 -123
12 44 0 -123
12 43 0 -123
12 42 0 -123
12 41 0 -123
12 40 0 -123
12 39 0 -123
12 38 0 -123
12 37 0 -123
12 36 0 -123
12 35 0 -123
12 34 0 -123
12 33 0 -123
12 32 0 -123
12 31 0 -123
12 30 0 -123
12 29 0 -123
12 28 0 -123
12 27 0 -123
12 26 0 -123
12 25 0 -123
11 25 0 -123
11 24 0 -123
11 23 0 -123
10 23 0 -123
10 22 0 -123
10 21 0 -123
9 21 0 -123
8 21 0 -123
8 20 0 -123
8 19 0 -123
7 19 0 -123
7 18 0 -123
6 18 0 -123
6 17 0 -123
5 17 0 -123
5 16 0 -123
5 15 0 -123
4 15 0 -123
4 14 0 -123
4 13 0 -123
3 13 0 -123
3 12 0 -123
3 11 0 -123
3 10 0 -123
2 10 0 -123
2 9 0 -123
2 8 0 -123
1 8 0 -123
1 7 0 -123
1 6 0 -123
1 5 0 -123
0 5 0 -123
0 4 0 -123
0 3 0 -123
0 2 0 -123
0 1 0 -123
127 50 0 -122
127 51 0 -123
127 49 0 -122
127 48 0 -122
127 47 0 -122
127 46 0 -122
127 45 0 -122
127 44 0 -122
127 43 0 -122
127 42 0 -122
127 41 0 -122
127 40 0 -122
127 39 0 -122
127 38 0 -122
127 37 0 -122
127 36 0 -122
127 35 0 -122
127 34 0 -122
127 33 0 -122
127 32 0 -122
127 31 0 -123
127 30 0 -123
9 55 0 -122
9 56 0 -123
9 54 0 -122
9 53 0 -122
9 52 0 -122
9 51 0 -122
9 50 0 -122
9 49 0 -122
9 48 0 -122
9 47 0 -122
9 46 0 -122
9 45 0 -122
9 44 0 -122
9 43 0 -123
9 42 0 -123
9 41 0 -123
9 40 0 -123
9 39 0 -123
9 38 0 -123
9 37 0 -123
9 36 0 -123
10 36 0 -123
10 35 0 -123
10 34 0 -123
10 33 0 -123
10 32 0 -123
10 31 0 -123
10 30 0 -123
10 29 0 -123
10 28 0 -123
10 27 0 -123
10 26 0 -123
10 25 0 -123
10 24 0 -123
10 57 0 -122
10 58 0 -123
10 56 0 -122
10 55 0 -122
10 54 0 -122
10 53 0 -122
10 52 0 -122
10 51 0 -122
10 50 0 -122
10 49 0 -122
10 48 0 -122
10 47 0 -122
10 46 0 -123
11 46 0 -123
11 45 0 -123
11 44 0 -123
11 43 0 -123
11 42 0 -123
11 41 0 -123
11 40 0 -123
11 39 0 -123
11 38 0 -123
11 37 0 -123
11 36 0 -123
11 35 0 -123
11 34 0 -123
11 33 0 -123
11 32 0 -123
11 31 0 -123
11 30 0 -123
11 29 0 -123
11 28 0 -123
11 27 0 -123
11 26 0 -123
8 60 0 -122
8 61 0 -123
8 59 0 -122
8 58 0 -122
8 57 0 -122
8 56 0 -122
8 55 0 -122
8 54 0 -122
8 53 0 -122
8 52 0 -122
8 51 0 -122
8 50 0 -122
8 49 0 -122
8 48 0 -122
8 47 0 -122
8 46 0 -122
8 45 0 -122
8 44 0 -122
8 43 0 -122
8 42 0 -122
8 41 0 -122
8 40 0 -122
8 39 0 -122
8 38 0 -122
8 37 0 -122
8 36 0 -122
8 35 0 -122
8 34 0 -122
8 33 0 -122
8 32 0 -122
8 31 0 -122
8 30 0 -122
8 29 0 -122
8 28 0 -123
8 27 0 -123
8 26 0 -123
8 25 0 -123
8 24 0 -123
8 23 0 -123
8 22 0 -123
127 61 0 -122
127 62 0 -123
127 60 0 -122
127 59 0 -122
127 58 0 -122
127 57 0 -122
127 56 0 -122
127 55 0 -122
127 54 0 -123
127 53 0 -123
127 52 0 -123
6 63 0 -122
6 64 0 -123
6 62 0 -122
6 61 0 -122
6 60 0 -122
6 59 0 -122
6 58 0 -122
6 57 0 -122
6 56 0 -122
6 55 0 -122
6 54 0 -122
6 53 0 -122
6 52 0 -122
6 51 0 -122
6 50 0 -122
6 49 0 -122
6 48 0 -122
6 47 0 -122
6 46 0 -122
6 45 0 -122
6 44 0 -122
6 43 0 -122
6 42 0 -122
6 41 0 -122
6 40 0 -122
6 39 0 -122
6 38 0 -122
6 37 0 -122
6 36 0 -122
6 35 0 -122
6 34 0 -122
6 33 0 -122
6 32 0 -122
6 31 0 -122
6 30 0 -122
6 29 0 -122
6 28 0 -122
6 27 0 -122
6 26 0 -122
6 25 0 -122
6 24 0 -122
6 23 0 -122
6 22 0 -122
6 21 0 -122
6 20 0 -123
6 19 0 -123
8 65 0 -122
8 66 0 -123
8 64 0 -123
8 63 0 -123
8 62 0 -123
25 66 0 -122
25 67 0 -123
25 65 0 -122
25 64 0 -122
25 63 0 -122
25 62 0 -122
25 61 0 -122
25 60 0 -122
25 59 0 -122
25 58 0 -122
25 57 0 -122
25 56 0 -122
25 55 0 -122
25 54 0 -122
25 53 0 -122
25 52 0 -122
25 51 0 -122
25 50 0 -122
25 49 0 -122
25 48 0 -122
25 47 0 -122
25 46 0 -122
25 45 0 -122
25 44 0 -122
25 43 0 -122
25 42 0 -122
25 41 0 -122
25 40 0 -122
25 39 0 -122
25 38 0 -122
25 37 0 -122
25 36 0 -122
25 35 0 -122
25 34 0 -122
25 33 0 -122
25 32 0 -122
25 31 0 -122
25 30 0 -122
25 29 0 -122
25 28 0 -122
25 27 0 -122
25 26 0 -122
25 25 0 -122
25 24 0 -122
25 23 0 -122
25 22 0 -122
25 21 0 -122
25 20 0 -122
25 19 0 -122
25 18 0 -122
25 17 0 -122
25 16 0 -122
25 15 0 -122
25 14 0 -122
25 13 0 -122
25 12 0 -122
25 11 0 -122
25 10 0 -122
25 9 0 -122
25 8 0 -122
25 7 0 -122
25 6 0 -122
25 5 0 -122
25 4 0 -122
25 3 0 -122
25 2 0 -122
25 1 0 -122
127 67 0 -122
127 68 0 -123
127 66 0 -122
127 65 0 -122
127 64 0 -122
127 63 0 -123
28 68 0 -122
28 69 0 -123
28 67 0 -122
28 66 0 -122
28 65 0 -122
28 64 0 -122
28 63 0 -122
28 62 0 -122
28 61 0 -122
28 60 0 -122
28 59 0 -122
28 58 0 -122
28 57 0 -122
28 56 0 -122
28 55 0 -122
28 54 0 -122
28 53 0 -122
28 52 0 -122
28 51 0 -122
28 50 0 -122
28 49 0 -122
28 48 0 -122
28 47 0 -122
28 46 0 -122
28 45 0 -122
28 44 0 -122
28 43 0 -122
28 42 0 -122
28 41 0 -122
28 40 0 -122
28 39 0 -122
28 38 0 -122
28 37 0 -122
28 36 0 -122
28 35 0 -122
28 34 0 -122
28 33 0 -122
28 32 0 -122
28 31 0 -122
28 30 0 -122
28 29 0 -122
28 28 0 -122
28 27 0 -122
28 26 0 -122
28 25 0 -122
28 24 0 -122
28 23 0 -122
28 22 0 -122
28 21 0 -122
28 20 0 -122
28 19 0 -122
28 18 0 -122
28 17 0 -122
28 16 0 -122
28 15 0 -122
28 14 0 -122
28 13 0 -122
28 12 0 -122
28 11 0 -122
28 10 0 -122
28 9 0 -122
28 8 0 -122
28 7 0 -122
28 6 0 -122
28 5 0 -122
28 4 0 -122
28 3 0 -122
28 2 0 -122
28 1 0 -122
37 80 0 -122
37 81 0 -123
37 79 0 -122
37 78 0 -122
37 77 0 -122
37 76 0 -122
37 75 0 -122
37 74 0 -122
37 73 0 -122
37 72 0 -122
37 71 0 -122
37 70 0 -122
37 69 0 -122
37 68 0 -122
37 67 0 -122
37 66 0 -122
37 65 0 -122
37 64 0 -122
37 63 0 -122
37 62 0 -122
37 61 0 -122
37 60 0 -122
37 59 0 -122
37 58 0 -122
37 57 0 -122
37 56 0 -122
37 55 0 -122
37 54 0 -122
37 53 0 -122
37 52 0 -122
37 51 0 -122
37 50 0 -122
37 49 0 -122
37 48 0 -122
37 47 0 -122
37 46 0 -122
37 45 0 -122
37 44 0 -122
37 43 0 -122
37 42 0 -122
37 41 0 -122
37 40 0 -122
37 39 0 -122
37 38 0 -122
37 37 0 -122
37 36 0 -122
37 35 0 -122
37 34 0 -122
37 33 0 -122
37 32 0 -122
37 31 0 -122
37 30 0 -122
37 29 0 -122
37 28 0 -122
37 27 0 -122
37 26 0 -122
37 25 0 -122
37 24 0 -122
37 23 0 -122
37 22 0 -122
37 21 0 -122
37 20 0 -122
37 19 0 -122
37 18 0 -122
37 17 0 -122
37 16 0 -122
37 15 0 -122
37 14 0 -122
37 13 0 -122
37 12 0 -122
37 11 0 -122
37 10 0 -122
37 9 0 -122
37 8 0 -122
37 7 0 -122
37 6 0 -122
37 5 0 -122
37 4 0 -122
37 3 0 -122
37 2 0 -122
37 1 0 -122
57 92 0 -122
57 93 0 -123
57 91 0 -122
57 90 0 -122
57 89 0 -122
57 88 0 -122
57 87 0 -122
57 86 0 -122
57 85 0 -122
57 84 0 -122
57 83 0 -122
57 82 0 -122
57 81 0 -122
57 80 0 -122
57 79 0 -122
57 78 0 -122
57 77 0 -122
57 76 0 -122
57 75 0 -122
57 74 0 -122
57 73 0 -122
57 72 0 -122
57 71 0 -122
57 70 0 -122
57 69 0 -122
57 68 0 -122
57 67 0 -122
57 66 0 -122
57 65 0 -122
57 64 0 -122
57 63 0 -122
57 62 0 -122
57 61 0 -122
57 60 0 -122
57 59 0 -122
57 58 0 -122
57 57 0 -122
57 56 0 -122
57 55 0 -122
57 54 0 -122
57 53 0 -122
57 52 0 -122
57 51 0 -122
57 50 0 -122
57 49 0 -122
57 48 0 -122
57 47 0 -122
57 46 0 -122
57 45 0 -122
57 44 0 -122
57 43 0 -122
57 42 0 -122
57 41 0 -122
57 40 0 -122
57 39 0 -122
57 38 0 -122
57 37 0 -122
57 36 0 -122
57 35 0 -122
57 34 0 -122
57 33 0 -122
57 32 0 -122
57 31 0 -122
57 30 0 -122
57 29 0 -122
57 28 0 -122
57 27 0 -122
57 26 0 -122
57 25 0 -122
57 24 0 -122
57 23 0 -122
57 22 0 -122
57 21 0 -122
57 20 0 -122
57 19 0 -122
57 18 0 -122
57 17 0 -122
57 16 0 -122
57 15 0 -122
57 14 0 -122
57 13 0 -122
57 12 0 -122
57 11 0 -122
57 10 0 -122
57 9 0 -122
57 8 0 -122
57 7 0 -122
57 6 0 -122
57 5 0 -122
57 4 0 -122
57 3 0 -122
57 2 0 -122
57 1 0 -122
24 94 0 -122
24 95 0 -123
24 93 0 -122
24 92 0 -122
24 91 0 -122
24 90 0 -122
24 89 0 -122
24 88 0 -122
24 87 0 -122
24 86 0 -122
24 85 0 -122
24 84 0 -122
24 83 0 -122
24 82 0 -122
24 81 0 -122
24 80 0 -122
24 79 0 -122
24 78 0 -122
24 77 0 -122
24 76 0 -122
24 75 0 -122
24 74 0 -122
24 73 0 -122
24 72 0 -122
24 71 0 -122
24 70 0 -122
24 69 0 -122
24 68 0 -122
24 67 0 -122
24 66 0 -122
24 65 0 -122
24 64 0 -122
24 63 0 -122
24 62 0 -122
24 61 0 -122
24 60 0 -122
24 59 0 -122
24 58 0 -122
24 57 0 -122
24 56 0 -122
24 55 0 -122
24 54 0 -122
24 53 0 -122
24 52 0 -122
24 51 0 -122
24 50 0 -122
24 49 0 -122
24 48 0 -122
24 47 0 -122
24 46 0 -122
24 45 0 -122
24 44 0 -122
24 43 0 -122
24 42 0 -122
24 41 0 -122
24 40 0 -122
24 39 0 -122
24 38 0 -122
24 37 0 -122
24 36 0 -122
24 35 0 -122
24 34 0 -122
24 33 0 -122
24 32 0 -122
24 31 0 -122
24 30 0 -122
24 29 0 -122
24 28 0 -122
24 27 0 -122
24 26 0 -122
24 25 0 -122
24 24 0 -122
24 23 0 -122
24 22 0 -122
24 21 0 -122
24 20 0 -122
24 19 0 -122
24 18 0 -122
24 17 0 -122
24 16 0 -122
24 15 0 -122
24 14 0 -122
24 13 0 -122
24 12 0 -122
24 11 0 -122
24 10 0 -122
24 9 0 -122
24 8 0 -122
24 7 0 -122
24 6 0 -122
24 5 0 -122
24 4 0 -122
24 3 0 -122
24 2 0 -122
24 1 0 -122
62 97 0 -122
62 98 0 -123
62 96 0 -122
62 95 0 -122
62 94 0 -122
62 93 0 -122
62 92 0 -122
62 91 0 -122
62 90 0 -122
62 89 0 -122
62 88 0 -122
62 87 0 -122
62 86 0 -122
62 85 0 -122
62 84 0 -122
62 83 0 -122
62 82 0 -122
62 81 0 -122
62 80 0 -122
62 79 0 -122
62 78 0 -122
62 77 0 -122
62 76 0 -122
62 75 0 -122
62 74 0 -122
62 73 0 -122
62 72 0 -122
62 71 0 -122
62 70 0 -122
62 69 0 -122
62 68 0 -122
62 67 0 -122
62 66 0 -122
62 65 0 -122
62 64 0 -122
62 63 0 -122
62 62 0 -122
62 61 0 -122
62 60 0 -122
62 59 0 -122
62 58 0 -122
62 57 0 -122
62 56 0 -122
62 55 0 -122
62 54 0 -122
62 53 0 -122
62 52 0 -122
62 51 0 -122
62 50 0 -122
62 49 0 -122
62 48 0 -122
62 47 0 -122
62 46 0 -122
62 45 0 -122
62 44 0 -122
62 43 0 -122
62 42 0 -122
62 41 0 -122
62 40 0 -122
62 39 0 -122
62 38 0 -122
62 37 0 -122
62 36 0 -122
62 35 0 -122
62 34 0 -122
62 33 0 -122
62 32 0 -122
62 31 0 -122
62 30 0 -122
62 29 0 -122
62 28 0 -122
62 27 0 -122
62 26 0 -122
62 25 0 -122
62 24 0 -122
62 23 0 -122
62 22 0 -122
62 21 0 -122
62 20 0 -122
62 19 0 -122
62 18 0 -122
62 17 0 -122
62 16 0 -122
62 15 0 -122
62 14 0 -122
62 13 0 -122
62 12 0 -122
62 11 0 -122
62 10 0 -122
62 9 0 -122
62 8 0 -122
62 7 0 -122
62 6 0 -122
62 5 0 -122
62 4 0 -122
62 3 0 -122
62 2 0 -122
62 1 0 -122
14 103 0 -122
14 104 0 -123
14 102 0 -122
14 101 0 -122
14 100 0 -122
14 99 0 -122
14 98 0 -122
14 97 0 -122
14 96 0 -122
14 95 0 -122
14 94 0 -122
14 93 0 -122
14 92 0 -122
14 91 0 -122
14 90 0 -122
14 89 0 -122
14 88 0 -122
14 87 0 -122
14 86 0 -122
14 85 0 -122
14 84 0 -122
14 83 0 -122
14 82 0 -122
14 81 0 -122
14 80 0 -122
14 79 0 -122
14 78 0 -122
14 77 0 -122
14 76 0 -122
14 75 0 -122
14 74 0 -122
14 73 0 -122
14 72 0 -122
14 71 0 -122
14 70 0 -122
14 69 0 -122
14 68 0 -122
14 67 0 -122
14 66 0 -122
14 65 0 -122
14 64 0 -122
14 63 0 -122
14 62 0 -122
14 61 0 -122
14 60 0 -122
14 59 0 -122
14 58 0 -122
14 57 0 -122
14 56 0 -122
14 55 0 -123
14 54 0 -123
14 53 0 -123
14 52 0 -123
14 51 0 -123
14 50 0 -123
69 104 0 -122
69 105 0 -123
69 103 0 -122
69 102 0 -122
69 101 0 -122
69 100 0 -122
69 99 0 -122
69 98 0 -122
69 97 0 -122
69 96 0 -122
69 95 0 -122
69 94 0 -122
69 93 0 -122
69 92 0 -122
69 91 0 -122
69 90 0 -122
69 89 0 -122
69 88 0 -122
69 87 0 -122
69 86 0 -122
69 85 0 -122
69 84 0 -122
69 83 0 -122
69 82 0 -122
69 81 0 -122
69 80 0 -122
69 79 0 -122
69 78 0 -122
69 77 0 -122
69 76 0 -122
69 75 0 -122
69 74 0 -122
69 73 0 -122
69 72 0 -122
69 71 0 -122
69 70 0 -122
69 69 0 -122
69 68 0 -122
69 67 0 -122
69 66 0 -122
69 65 0 -122
69 64 0 -122
69 63 0 -122
69 62 0 -122
69 61 0 -122
69 60 0 -122
69 59 0 -122
69 58 0 -122
69 57 0 -122
69 56 0 -122
69 55 0 -122
69 54 0 -122
69 53 0 -122
69 52 0 -122
69 51 0 -122
69 50 0 -122
69 49 0 -122
69 48 0 -122
69 47 0 -122
69 46 0 -122
69 45 0 -122
69 44 0 -122
69 43 0 -122
69 42 0 -122
69 41 0 -122
69 40 0 -122
69 39 0 -122
69 38 0 -122
69 37 0 -122
69 36 0 -122
69 35 0 -122
69 34 0 -122
69 33 0 -122
69 32 0 -122
69 31 0 -122
69 30 0 -122
69 29 0 -122
69 28 0 -122
69 27 0 -122
69 26 0 -122
69 25 0 -122
69 24 0 -122
69 23 0 -122
69 22 0 -122
69 21 0 -122
69 20 0 -122
69 19 0 -122
69 18 0 -122
69 17 0 -122
69 16 0 -122
69 15 0 -122
69 14 0 -122
69 13 0 -122
69 12 0 -122
69 11 0 -122
69 10 0 -122
69 9 0 -122
69 8 0 -122
69 7 0 -122
69 6 0 -122
69 5 0 -122
69 4 0 -122
69 3 0 -122
69 2 0 -122
69 1 0 -122
16 106 0 -122
16 107 0 -123
16 105 0 -122
16 104 0 -122
16 103 0 -122
16 102 0 -122
16 101 0 -122
16 100 0 -122
16 99 0 -122
16 98 0 -122
16 97 0 -122
16 96 0 -122
16 95 0 -122
16 94 0 -122
16 93 0 -122
16 92 0 -122
16 91 0 -122
16 90 0 -122
16 89 0 -122
16 88 0 -122
16 87 0 -122
16 86 0 -122
16 85 0 -122
16 84 0 -122
16 83 0 -122
16 82 0 -122
16 81 0 -122
16 80 0 -122
16 79 0 -122
16 78 0 -122
16 77 0 -122
16 76 0 -122
16 75 0 -122
16 74 0 -122
16 73 0 -122
16 72 0 -122
16 71 0 -122
16 70 0 -122
16 69 0 -122
16 68 0 -122
16 67 0 -122
16 66 0 -122
16 65 0 -122
16 64 0 -122
16 63 0 -122
16 62 0 -122
16 61 0 -122
16 60 0 -122
16 59 0 -122
16 58 0 -122
16 57 0 -122
16 56 0 -122
16 55 0 -122
16 54 0 -123
16 53 0 -123
16 52 0 -123
16 51 0 -123
16 50 0 -123
16 49 0 -123
15 49 0 -123
23 108 0 -122
23 109 0 -123
23 107 0 -122
23 106 0 -122
23 105 0 -122
23 104 0 -122
23 103 0 -122
23 102 0 -122
23 101 0 -122
23 100 0 -122
23 99 0 -122
23 98 0 -122
23 97 0 -122
23 96 0 -122
23 95 0 -122
23 94 0 -122
23 93 0 -122
23 92 0 -122
23 91 0 -122
23 90 0 -122
23 89 0 -122
23 88 0 -122
23 87 0 -122
23 86 0 -122
23 85 0 -122
23 84 0 -122
23 83 0 -122
23 82 0 -122
23 81 0 -122
23 80 0 -122
23 79 0 -122
23 78 0 -122
23 77 0 -122
23 76 0 -122
23 75 0 -122
23 74 0 -122
23 73 0 -122
23 72 0 -122
23 71 0 -122
23 70 0 -122
23 69 0 -122
23 68 0 -122
23 67 0 -122
23 66 0 -122
23 65 0 -123
23 64 0 -123
23 63 0 -123
23 62 0 -123
22 62 0 -123
22 61 0 -123
22 60 0 -123
21 60 0 -123
21 59 0 -123
20 59 0 -123
19 59 0 -123
19 58 0 -123
19 57 0 -123
19 56 0 -123
18 56 0 -123
17 56 0 -123
17 55 0 -123
17 54 0 -123
17 53 0 -123
17 52 0 -123
25 109 0 -122
25 110 0 -123
25 108 0 -122
25 107 0 -122
25 106 0 -122
25 105 0 -122
25 104 0 -122
25 103 0 -122
25 102 0 -122
25 101 0 -122
25 100 0 -122
25 99 0 -122
25 98 0 -122
25 97 0 -122
25 96 0 -122
25 95 0 -122
25 94 0 -122
25 93 0 -122
25 92 0 -122
25 91 0 -122
25 90 0 -122
25 89 0 -122
25 88 0 -122
25 87 0 -122
25 86 0 -122
25 85 0 -122
25 84 0 -122
25 83 0 -122
25 82 0 -122
25 81 0 -122
25 80 0 -122
25 79 0 -122
25 78 0 -122
25 77 0 -122
25 76 0 -122
25 75 0 -122
25 74 0 -122
25 73 0 -122
25 72 0 -122
25 71 0 -122
25 70 0 -122
25 69 0 -122
25 68 0 -122
73 109 0 -122
73 110 0 -123
73 108 0 -122
73 107 0 -122
73 106 0 -122
73 105 0 -122
73 104 0 -122
73 103 0 -122
73 102 0 -122
73 101 0 -122
73 100 0 -122
73 99 0 -122
73 98 0 -122
73 97 0 -122
73 96 0 -122
73 95 0 -122
73 94 0 -122
73 93 0 -122
73 92 0 -122
73 91 0 -122
73 90 0 -122
73 89 0 -122
73 88 0 -122
73 87 0 -122
73 86 0 -122
73 85 0 -122
73 84 0 -122
73 83 0 -122
73 82 0 -122
73 81 0 -122
73 80 0 -122
73 79 0 -122
73 78 0 -122
73 77 0 -122
73 76 0 -122
73 75 0 -122
73 74 0 -122
73 73 0 -122
73 72 0 -122
73 71 0 -122
73 70 0 -122
73 69 0 -122
73 68 0 -122
73 67 0 -122
73 66 0 -122
73 65 0 -122
73 64 0 -122
73 63 0 -122
73 62 0 -122
73 61 0 -122
73 60 0 -122
73 59 0 -122
73 58 0 -122
73 57 0 -122
73 56 0 -122
73 55 0 -122
73 54 0 -122
73 53 0 -122
73 52 0 -122
73 51 0 -122
73 50 0 -122
73 49 0 -122
73 48 0 -122
73 47 0 -122
73 46 0 -122
73 45 0 -122
73 44 0 -122
73 43 0 -122
73 42 0 -122
73 41 0 -122
73 40 0 -122
73 39 0 -122
73 38 0 -122
73 37 0 -122
73 36 0 -122
73 35 0 -122
73 34 0 -122
73 33 0 -122
73 32 0 -122
73 31 0 -122
73 30 0 -122
73 29 0 -122
73 28 0 -122
73 27 0 -122
73 26 0 -122
73 25 0 -122
73 24 0 -122
73 23 0 -122
73 22 0 -122
73 21 0 -122
73 20 0 -122
73 19 0 -122
73 18 0 -122
73 17 0 -122
73 16 0 -122
73 15 0 -122
73 14 0 -122
73 13 0 -122
73 12 0 -122
73 11 0 -122
73 10 0 -122
73 9 0 -122
73 8 0 -122
73 7 0 -122
73 6 0 -122
73 5 0 -122
73 4 0 -122
73 3 0 -122
73 2 0 -122
73 1 0 -122
76 112 0 -122
76 113 0 -123
76 111 0 -122
76 110 0 -122
76 109 0 -122
76 108 0 -122
76 107 0 -122
76 106 0 -122
76 105 0 -122
76 104 0 -122
76 103 0 -122
76 102 0 -122
76 101 0 -122
76 100 0 -122
76 99 0 -122
76 98 0 -122
76 97 0 -122
76 96 0 -122
76 95 0 -122
76 94 0 -122
76 93 0 -122
76 92 0 -122
76 91 0 -122
76 90 0 -122
76 89 0 -122
76 88 0 -122
76 87 0 -122
76 86 0 -122
76 85 0 -122
76 84 0 -122
76 83 0 -122
76 82 0 -122
76 81 0 -122
76 80 0 -122
76 79 0 -122
76 78 0 -122
76 77 0 -122
76 76 0 -122
76 75 0 -122
76 74 0 -122
76 73 0 -122
76 72 0 -122
76 71 0 -122
76 70 0 -122
76 69 0 -122
76 68 0 -122
76 67 0 -122
76 66 0 -122
76 65 0 -122
76 64 0 -122
76 63 0 -122
76 62 0 -122
76 61 0 -122
76 60 0 -122
76 59 0 -122
76 58 0 -122
76 57 0 -122
76 56 0 -122
76 55 0 -122
76 54 0 -122
76 53 0 -122
76 52 0 -122
76 51 0 -122
76 50 0 -122
76 49 0 -122
76 48 0 -122
76 47 0 -122
76 46 0 -122
76 45 0 -122
76 44 0 -122
76 43 0 -122
76 42 0 -122
76 41 0 -122
76 40 0 -122
76 39 0 -122
76 38 0 -122
76 37 0 -122
76 36 0 -122
76 35 0 -122
76 34 0 -122
76 33 0 -122
76 32 0 -122
76 31 0 -122
76 30 0 -122
76 29 0 -122
76 28 0 -122
76 27 0 -122
76 26 0 -122
76 25 0 -122
76 24 0 -122
76 23 0 -122
76 22 0 -122
76 21 0 -122
76 20 0 -122
76 19 0 -122
76 18 0 -122
76 17 0 -122
76 16 0 -122
76 15 0 -122
76 14 0 -122
76 13 0 -122
76 12 0 -122
76 11 0 -122
76 10 0 -122
76 9 0 -122
76 8 0 -122
76 7 0 -122
76 6 0 -122
76 5 0 -122
76 4 0 -122
76 3 0 -122
76 2 0 -122
76 1 0 -122
77 113 0 -122
77 114 0 -123
77 112 0 -122
77 111 0 -122
77 110 0 -122
77 109 0 -122
77 108 0 -122
77 107 0 -122
77 106 0 -122
77 105 0 -122
77 104 0 -122
77 103 0 -122
77 102 0 -122
77 101 0 -122
77 100 0 -122
77 99 0 -122
77 98 0 -122
77 97 0 -122
77 96 0 -122
77 95 0 -122
77 94 0 -122
77 93 0 -122
77 92 0 -122
77 91 0 -122
77 90 0 -122
77 89 0 -122
77 88 0 -122
77 87 0 -122
77 86 0 -122
77 85 0 -122
77 84 0 -122
77 83 0 -122
77 82 0 -122
77 81 0 -122
77 80 0 -122
77 79 0 -122
77 78 0 -122
77 77 0 -122
77 76 0 -122
77 75 0 -122
77 74 0 -122
77 73 0 -122
77 72 0 -122
77 71 0 -122
77 70 0 -122
77 69 0 -122
77 68 0 -122
77 67 0 -122
77 66 0 -122
77 65 0 -122
77 64 0 -122
77 63 0 -122
77 62 0 -122
77 61 0 -122
77 60 0 -122
77 59 0 -122
77 58 0 -122
77 57 0 -122
77 56 0 -122
77 55 0 -122
77 54 0 -122
77 53 0 -122
77 52 0 -122
77 51 0 -122
77 50 0 -122
77 49 0 -122
77 48 0 -122
77 47 0 -122
77 46 0 -122
77 45 0 -122
77 44 0 -122
77 43 0 -122
77 42 0 -122
77 41 0 -122
77 40 0 -122
77 39 0 -122
77 38 0 -122
77 37 0 -122
77 36 0 -122
77 35 0 -122
77 34 0 -122
77 33 0 -122
77 32 0 -122
77 31 0 -122
77 30 0 -122
77 29 0 -122
77 28 0 -122
77 27 0 -122
77 26 0 -122
77 25 0 -122
77 24 0 -122
77 23 0 -122
77 22 0 -122
77 21 0 -122
77 20 0 -122
77 19 0 -122
77 18 0 -122
77 17 0 -122
77 16 0 -122
77 15 0 -122
77 14 0 -122
77 13 0 -122
77 12 0 -122
77 11 0 -122
77 10 0 -122
77 9 0 -122
83 118 0 -122
83 119 0 -123
83 117 0 -122
83 116 0 -122
83 115 0 -122
83 114 0 -122
83 113 0 -122
83 112 0 -122
83 111 0 -122
83 110 0 -122
83 109 0 -122
83 108 0 -122
83 107 0 -122
83 106 0 -122
83 105 0 -122
83 104 0 -122
83 103 0 -122
83 102 0 -122
83 101 0 -122
83 100 0 -122
83 99 0 -122
83 98 0 -122
83 97 0 -122
83 96 0 -122
83 95 0 -122
83 94 0 -122
83 93 0 -122
83 92 0 -122
83 91 0 -122
83 90 0 -122
83 89 0 -122
83 88 0 -122
83 87 0 -122
83 86 0 -122
83 85 0 -122
83 84 0 -122
83 83 0 -122
83 82 0 -122
83 81 0 -122
83 80 0 -122
83 79 0 -122
83 78 0 -122
83 77 0 -122
83 76 0 -122
83 75 0 -122
83 74 0 -122
83 73 0 -122
83 72 0 -122
83 71 0 -122
83 70 0 -122
83 69 0 -122
83 68 0 -122
83 67 0 -122
83 66 0 -122
83 65 0 -122
83 64 0 -122
83 63 0 -122
83 62 0 -122
83 61 0 -122
83 60 0 -122
83 59 0 -122
83 58 0 -122
83 57 0 -122
83 56 0 -122
83 55 0 -122
83 54 0 -122
83 53 0 -122
83 52 0 -122
83 51 0 -122
83 50 0 -122
83 49 0 -122
83 48 0 -122
83 47 0 -122
83 46 0 -122
83 45 0 -122
83 44 0 -122
83 43 0 -122
83 42 0 -122
83 41 0 -122
83 40 0 -122
83 39 0 -122
83 38 0 -122
83 37 0 -122
83 36 0 -122
82 36 0 -122
82 35 0 -122
82 34 0 -122
82 33 0 -122
82 32 0 -122
82 31 0 -122
82 30 0 -122
82 29 0 -122
82 28 0 -122
82 27 0 -122
82 26 0 -122
82 25 0 -122
82 24 0 -122
81 24 0 -122
80 24 0 -122
80 23 0 -122
80 22 0 -122
80 21 0 -122
80 20 0 -122
80 19 0 -122
80 18 0 -122
79 18 0 -122
78 18 0 -122
78 17 0 -122
78 16 0 -122
78 15 0 -122
78 14 0 -122
85 119 0 -122
85 120 0 -123
85 118 0 -122
85 117 0 -122
85 116 0 -122
85 115 0 -122
85 114 0 -122
85 113 0 -122
85 112 0 -122
85 111 0 -122
85 110 0 -122
85 109 0 -122
85 108 0 -122
85 107 0 -122
85 106 0 -122
85 105 0 -122
85 104 0 -122
85 103 0 -122
85 102 0 -122
85 101 0 -122
85 100 0 -122
85 99 0 -122
85 98 0 -122
85 97 0 -122
85 96 0 -122
85 95 0 -122
85 94 0 -122
85 93 0 -122
85 92 0 -122
85 91 0 -122
85 90 0 -122
85 89 0 -122
85 88 0 -122
85 87 0 -122
85 86 0 -122
85 85 0 -122
85 84 0 -122
85 83 0 -122
85 82 0 -122
85 81 0 -122
85 80 0 -122
85 79 0 -122
85 78 0 -122
85 77 0 -122
85 76 0 -122
85 75 0 -122
85 74 0 -122
85 73 0 -122
85 72 0 -122
85 71 0 -122
85 70 0 -122
85 69 0 -122
85 68 0 -122
85 67 0 -122
85 66 0 -122
85 65 0 -122
85 64 0 -122
85 63 0 -122
85 62 0 -122
85 61 0 -122
85 60 0 -122
85 59 0 -122
85 58 0 -122
84 58 0 -122
84 57 0 -122
84 56 0 -122
84 55 0 -122
84 54 0 -122
84 53 0 -122
84 52 0 -122
84 51 0 -122
84 50 0 -122
84 49 0 -122
84 48 0 -122
84 47 0 -122
84 46 0 -122
84 45 0 -122
84 44 0 -122
84 43 0 -122
84 42 0 -122
84 41 0 -122
84 40 0 -122
84 39 0 -122
84 38 0 -122
84 37 0 -122
84 36 0 -122
84 35 0 -122
84 34 0 -122
84 33 0 -122
83 33 0 -122
83 32 0 -122
83 31 0 -122
83 30 0 -122
83 29 0 -122
83 28 0 -122
126 127 0 -122
127 127 0 -123
125 127 0 -122
124 127 0 -122
123 127 0 -122
122 127 0 -122
121 127 0 -122
120 127 0 -122
119 127 0 -123
118 127 0 -123
117 127 0 -123
116 127 0 -123
115 127 0 -123
114 127 0 -123
113 127 0 -123
112 127 0 -123
111 127 0 -123
110 127 0 -123
109 127 0 -123
108 127 0 -123
107 127 0 -123
106 127 0 -123
105 127 0 -123
104 127 0 -123
103 127 0 -123
102 127 0 -123
101 127 0 -123
100 127 0 -123
99 127 0 -123
98 127 0 -123
97 127 0 -123
96 127 0 -123
95 127 0 -123
95 126 0 -123
94 126 0 -123
93 126 0 -123
92 126 0 -123
92 125 0 -123
91 125 0 -123
90 125 0 -123
89 125 0 -123
89 124 0 -123
89 123 0 -123
88 123 0 -123
88 124 0 -123
88 125 0 -123
88 126 0 -123
88 127 0 -123
87 127 0 -123
86 127 0 -123
85 127 0 -123
84 127 0 -123
83 127 0 -123
82 127 0 -123
81 127 0 -123
80 127 0 -123
79 127 0 -123
78 127 0 -123
77 127 0 -123
76 127 0 -123
75 127 0 -123
74 127 0 -123
73 127 0 -123
72 127 0 -123
71 127 0 -123
70 127 0 -123
69 127 0 -123
68 127 0 -123
67 127 0 -123
66 127 0 -123
65 127 0 -123
64 127 0 -123
63 127 0 -123
62 127 0 -123
61 127 0 -123
60 127 0 -123
59 127 0 -123
58 127 0 -123
57 127 0 -123
56 127 0 -123
55 127 0 -123
54 127 0 -123
53 127 0 -123
52 127 0 -123
51 127 0 -123
50 127 0 -123
49 127 0 -123
48 127 0 -123
47 127 0 -123
46 127 0 -123
45 127 0 -123
44 127 0 -123
43 127 0 -123
42 127 0 -123
41 127 0 -123
40 127 0 -123
39 127 0 -123
38 127 0 -123
38 126 0 -123
37 126 0 -123
36 126 0 -123
36 125 0 -123
35 125 0 -123
34 125 0 -123
34 124 0 -123
34 123 0 -123
33 123 0 -123
33 124 0 -123
32 124 0 -123
31 124 0 -123
30 124 0 -123
29 124 0 -123
29 123 0 -123
29 122 0 -123
29 121 0 -123
28 121 0 -123
27 121 0 -123
26 121 0 -123
25 121 0 -123
25 120 0 -123
24 120 0 -123
24 119 0 -123
23 119 0 -123
22 119 0 -123
22 118 0 -123
22 117 0 -123
22 116 0 -123
21 116 0 -123
20 116 0 -123
20 115 0 -123
19 115 0 -123
19 114 0 -123
19 113 0 -123
18 113 0 -123
17 113 0 -123
17 112 0 -123
16 112 0 -123
16 111 0 -123
15 111 0 -123
15 110 0 -123
15 109 0 -123
14 109 0 -123
13 109 0 -123
13 108 0 -123
12 108 0 -123
11 108 0 -123
10 108 0 -123
9 108 0 -123
8 108 0 -123
8 107 0 -123
8 106 0 -123
7 106 0 -123
7 107 0 -123
7 108 0 -123
6 108 0 -123
5 108 0 -123
4 108 0 -123
3 108 0 -123
3 107 0 -123
3 106 0 -123
2 106 0 -123
2 105 0 -123
2 104 0 -123
2 103 0 -123
2 102 0 -123
2 101 0 -123
2 100 0 -123
2 99 0 -123
1 99 0 -123
1 98 0 -123
1 97 0 -123
1 96 0 -123
1 95 0 -123
1 94 0 -123
1 93 0 -123
1 92 0 -123
1 91 0 -123
1 90 0 -123
1 89 0 -123
1 88 0 -123
1 87 0 -123
1 86 0 -123
1 85 0 -123
1 84 0 -123
1 83 0 -123
1 82 0 -123
1 81 0 -123
1 80 0 -123
1 79 0 -123
1 78 0 -123
1 77 0 -123
1 76 0 -123
1 75 0 -123
1 74 0 -123
1 73 0 -123
1 72 0 -123
1 71 0 -123
1 70 0 -123
1 69 0 -123
1 68 0 -123
1 67 0 -123
1 66 0 -123
1 65 0 -123
1 64 0 -123
1 63 0 -123
1 62 0 -123
1 61 0 -123
1 60 0 -123
1 59 0 -123
1 58 0 -123
1 57 0 -123
1 56 0 -123
1 55 0 -123
1 54 0 -123
1 53 0 -123
1 52 0 -123
1 51 0 -123
1 50 0 -123
1 49 0 -123
1 48 0 -123
0 48 0 -123
0 47 0 -123
0 46 0 -123
0 45 0 -123
0 44 0 -123
0 43 0 -123
0 42 0 -123
0 41 0 -123
0 40 0 -123
0 39 0 -123
0 38 0 -123
0 37 0 -123
0 36 0 -123
0 35 0 -123
0 34 0 -123
0 33 0 -123
0 32 0 -123
0 31 0 -123
0 30 0 -123
0 29 0 -123
0 28 0 -123
0 27 0 -123
0 26 0 -123
0 25 0 -123
0 24 0 -123
0 23 0 -123
0 22 0 -123
0 21 0 -123
0 20 0 -123
0 19 0 -123
0 18 0 -123
0 17 0 -123
0 16 0 -123
0 15 0 -123
0 14 0 -123
0 13 0 -123
0 12 0 -123
0 11 0 -123
0 10 0 -123
0 9 0 -123
0 8 0 -123
0 7 0 -123
0 6 0 -123
11 111 0 -123
12 111 0 -123
10 111 0 -123
10 110 0 -123
10 109 0 -123
12 110 0 -123
12 109 0 -123
13 112 0 -123
14 112 0 -123
12 112 0 -123
14 111 0 -123
14 110 0 -123
15 113 0 -123
16 113 0 -123
14 113 0 -123
89 3 0 -121
89 4 0 -122
89 2 0 -122
89 1 0 -122
101 3 0 -121
101 4 0 -122
101 2 0 -122
101 1 0 -122
114 6 0 -121
114 7 0 -122
114 5 0 -121
114 4 0 -121
114 3 0 -121
114 2 0 -121
114 1 0 -122
116 8 0 -121
116 9 0 -122
116 7 0 -121
116 6 0 -121
116 5 0 -121
116 4 0 -121
116 3 0 -121
116 2 0 -121
116 1 0 -122
89 9 0 -121
89 10 0 -122
89 8 0 -121
89 7 0 -121
89 6 0 -122
89 5 0 -122
93 9 0 -121
93 10 0 -122
93 8 0 -121
93 7 0 -121
93 6 0 -121
93 5 0 -122
93 4 0 -122
92 4 0 -122
92 3 0 -122
92 2 0 -122
92 1 0 -122
99 10 0 -121
99 11 0 -122
99 9 0 -122
99 8 0 -122
98 8 0 -122
97 8 0 -122
97 7 0 -122
97 6 0 -122
97 5 0 -122
97 4 0 -122
98 4 0 -122
98 3 0 -122
98 2 0 -122
98 1 0 -122
116 11 0 -121
116 12 0 -122
116 10 0 -122
124 18 0 -121
124 19 0 -122
124 17 0 -121
124 16 0 -121
124 15 0 -121
124 14 0 -121
124 13 0 -121
124 12 0 -121
124 11 0 -121
124 10 0 -121
124 9 0 -121
124 8 0 -121
124 7 0 -121
124 6 0 -121
124 5 0 -121
124 4 0 -121
124 3 0 -121
124 2 0 -121
124 1 0 -122
91 19 0 -121
91 20 0 -122
91 18 0 -121
91 17 0 -121
91 16 0 -121
91 15 0 -121
91 14 0 -121
91 13 0 -121
91 12 0 -121
91 11 0 -121
91 10 0 -121
91 9 0 -121
91 8 0 -121
91 7 0 -121
91 6 0 -121
91 5 0 -121
91 4 0 -121
91 3 0 -121
91 2 0 -122
91 1 0 -122
110 19 0 -121
110 20 0 -122
110 18 0 -121
110 17 0 -121
110 16 0 -121
110 15 0 -121
110 14 0 -121
110 13 0 -121
110 12 0 -121
110 11 0 -121
110 10 0 -121
110 9 0 -121
110 8 0 -121
110 7 0 -121
110 6 0 -121
110 5 0 -121
110 4 0 -121
110 3 0 -121
110 2 0 -121
110 1 0 -122
102 20 0 -121
102 21 0 -122
102 19 0 -121
102 18 0 -121
102 17 0 -121
102 16 0 -121
102 15 0 -121
102 14 0 -121
102 13 0 -121
102 12 0 -121
102 11 0 -121
102 10 0 -121
102 9 0 -121
102 8 0 -121
102 7 0 -121
102 6 0 -122
102 5 0 -122
102 4 0 -122
85 21 0 -121
85 22 0 -122
85 20 0 -121
85 19 0 -122
85 18 0 -122
84 18 0 -122
84 17 0 -122
83 17 0 -122
82 17 0 -122
81 17 0 -122
81 16 0 -122
81 15 0 -122
81 14 0 -122
81 13 0 -122
81 12 0 -122
81 11 0 -122
80 11 0 -122
80 10 0 -122
80 9 0 -122
80 8 0 -122
80 7 0 -122
80 6 0 -122
79 6 0 -122
79 5 0 -122
79 4 0 -122
79 3 0 -122
79 2 0 -122
79 1 0 -122
86 22 0 -121
86 23 0 -122
86 21 0 -121
86 20 0 -121
86 19 0 -122
86 18 0 -122
86 17 0 -122
86 16 0 -122
86 15 0 -122
86 14 0 -122
86 13 0 -122
86 12 0 -122
86 11 0 -122
86 10 0 -122
86 9 0 -122
86 8 0 -122
86 7 0 -122
86 6 0 -122
85 6 0 -122
85 5 0 -122
85 4 0 -122
85 3 0 -122
85 2 0 -122
85 1 0 -122
88 22 0 -121
88 23 0 -122
88 21 0 -121
88 20 0 -121
88 19 0 -121
88 18 0 -121
88 17 0 -121
88 16 0 -121
88 15 0 -121
88 14 0 -121
88 13 0 -121
88 12 0 -121
88 11 0 -121
88 10 0 -121
88 9 0 -121
88 8 0 -121
88 7 0 -121
88 6 0 -121
88 5 0 -121
88 4 0 -121
88 3 0 -121
88 2 0 -122
88 1 0 -122
113 22 0 -121
113 23 0 -122
113 21 0 -121
113 20 0 -121
113 19 0 -121
113 18 0 -121
113 17 0 -121
113 16 0 -121
113 15 0 -121
113 14 0 -121
113 13 0 -121
113 12 0 -121
113 11 0 -121
113 10 0 -121
113 9 0 -121
113 8 0 -121
113 7 0 -121
113 6 0 -121
113 5 0 -121
113 4 0 -121
113 3 0 -121
113 2 0 -122
113 1 0 -122
115 22 0 -121
115 23 0 -122
115 21 0 -121
115 20 0 -121
115 19 0 -121
115 18 0 -121
115 17 0 -121
115 16 0 -121
115 15 0 -121
115 14 0 -121
115 13 0 -121
115 12 0 -121
115 11 0 -121
115 10 0 -121
115 9 0 -121
115 8 0 -121
115 7 0 -121
115 6 0 -121
115 5 0 -121
115 4 0 -121
115 3 0 -121
115 2 0 -121
115 1 0 -122
119 22 0 -121
119 23 0 -122
119 21 0 -121
119 20 0 -121
119 19 0 -121
119 18 0 -121
119 17 0 -121
119 16 0 -121
119 15 0 -121
119 14 0 -121
119 13 0 -121
119 12 0 -121
119 11 0 -121
119 10 0 -121
119 9 0 -121
119 8 0 -121
119 7 0 -121
119 6 0 -121
119 5 0 -121
119 4 0 -121
119 3 0 -121
119 2 0 -121
119 1 0 -122
91 23 0 -121
91 24 0 -122
91 22 0 -121
91 21 0 -122
117 25 0 -121
117 26 0 -122
117 24 0 -121
117 23 0 -121
117 22 0 -121
117 21 0 -121
117 20 0 -121
117 19 0 -121
117 18 0 -121
117 17 0 -121
117 16 0 -121
117 15 0 -121
117 14 0 -121
117 13 0 -121
117 12 0 -121
117 11 0 -121
117 10 0 -121
117 9 0 -121
117 8 0 -121
117 7 0 -121
117 6 0 -121
117 5 0 -121
117 4 0 -121
117 3 0 -121
117 2 0 -121
117 1 0 -122
119 27 0 -121
119 28 0 -122
119 26 0 -121
119 25 0 -121
119 24 0 -122
124 30 0 -121
124 31 0 -122
124 29 0 -121
124 28 0 -121
124 27 0 -121
124 26 0 -121
124 25 0 -121
124 24 0 -121
124 23 0 -121
124 22 0 -121
124 21 0 -121
124 20 0 -121
120 32 0 -121
120 33 0 -122
120 31 0 -121
120 30 0 -121
120 29 0 -121
120 28 0 -121
120 27 0 -121
120 26 0 -121
120 25 0 -121
120 24 0 -121
120 23 0 -121
120 22 0 -121
120 21 0 -121
120 20 0 -121
120 19 0 -121
120 18 0 -121
120 17 0 -121
120 16 0 -121
120 15 0 -121
120 14 0 -121
120 13 0 -121
120 12 0 -121
120 11 0 -121
120 10 0 -121
120 9 0 -121
120 8 0 -121
120 7 0 -121
120 6 0 -121
120 5 0 -121
120 4 0 -121
120 3 0 -121
120 2 0 -121
120 1 0 -122
124 35 0 -121
124 36 0 -122
124 34 0 -121
124 33 0 -121
124 32 0 -122
119 36 0 -121
119 37 0 -122
119 35 0 -121
119 34 0 -121
119 33 0 -121
119 32 0 -121
119 31 0 -121
119 30 0 -121
119 29 0 -121
97 39 0 -121
97 40 0 -122
97 38 0 -121
97 37 0 -121
97 36 0 -121
97 35 0 -121
97 34 0 -122
97 33 0 -122
97 32 0 -122
97 31 0 -122
97 30 0 -122
97 29 0 -122
97 28 0 -122
97 27 0 -122
97 26 0 -122
97 25 0 -122
98 25 0 -122
99 25 0 -122
100 25 0 -122
101 25 0 -122
102 25 0 -122
102 24 0 -122
103 24 0 -122
104 24 0 -122
104 23 0 -122
104 22 0 -122
104 21 0 -122
104 20 0 -122
104 19 0 -122
104 18 0 -122
104 17 0 -122
104 16 0 -122
104 15 0 -122
104 14 0 -122
105 14 0 -122
105 13 0 -122
105 12 0 -122
105 11 0 -122
105 10 0 -122
105 9 0 -122
105 8 0 -122
105 7 0 -122
105 6 0 -122
105 5 0 -122
105 4 0 -122
105 3 0 -122
105 2 0 -122
105 1 0 -122
124 40 0 -121
124 41 0 -122
124 39 0 -121
124 38 0 -121
124 37 0 -122
106 42 0 -121
106 43 0 -122
106 41 0 -121
106 40 0 -121
106 39 0 -122
106 38 0 -122
105 38 0 -122
105 37 0 -122
104 37 0 -122
104 36 0 -122
104 35 0 -122
104 34 0 -122
104 33 0 -122
104 32 0 -122
104 31 0 -122
104 30 0 -122
104 29 0 -122
104 28 0 -122
104 27 0 -122
104 26 0 -122
104 25 0 -122
117 42 0 -121
117 43 0 -122
117 41 0 -121
117 40 0 -122
117 39 0 -122
117 38 0 -122
117 37 0 -122
117 36 0 -122
117 35 0 -122
116 35 0 -122
115 35 0 -122
114 35 0 -122
113 35 0 -122
112 35 0 -122
112 34 0 -122
112 33 0 -122
112 32 0 -122
112 31 0 -122
112 30 0 -122
112 29 0 -122
111 29 0 -122
111 28 0 -122
111 27 0 -122
110 27 0 -122
110 26 0 -122
110 25 0 -122
109 25 0 -122
109 24 0 -122
109 23 0 -122
108 23 0 -122
108 22 0 -122
107 22 0 -122
106 22 0 -122
106 21 0 -122
106 20 0 -122
106 19 0 -122
106 18 0 -122
106 17 0 -122
106 16 0 -122
106 15 0 -122
106 14 0 -122
106 13 0 -122
106 12 0 -122
106 11 0 -122
106 10 0 -122
106 9 0 -122
106 8 0 -122
119 44 0 -121
119 45 0 -122
119 43 0 -121
119 42 0 -121
119 41 0 -121
119 40 0 -121
119 39 0 -121
119 38 0 -121
124 47 0 -121
124 48 0 -122
124 46 0 -121
124 45 0 -121
124 44 0 -121
124 43 0 -121
124 42 0 -122
119 48 0 -121
119 49 0 -122
119 47 0 -121
119 46 0 -122
122 48 0 -121
122 49 0 -122
122 47 0 -121
122 46 0 -121
122 45 0 -121
122 44 0 -121
122 43 0 -121
122 42 0 -121
122 41 0 -121
122 40 0 -121
122 39 0 -121
122 38 0 -121
122 37 0 -121
122 36 0 -121
122 35 0 -121
122 34 0 -121
122 33 0 -121
122 32 0 -121
122 31 0 -121
122 30 0 -121
122 29 0 -121
122 28 0 -121
122 27 0 -121
122 26 0 -121
122 25 0 -121
122 24 0 -121
122 23 0 -121
122 22 0 -121
122 21 0 -121
122 20 0 -121
122 19 0 -121
122 18 0 -121
122 17 0 -121
122 16 0 -121
122 15 0 -121
122 14 0 -121
122 13 0 -121
122 12 0 -121
122 11 0 -121
122 10 0 -121
122 9 0 -121
122 8 0 -121
122 7 0 -121
122 6 0 -121
122 5 0 -121
122 4 0 -121
122 3 0 -121
122 2 0 -122
122 1 0 -122
120 61 0 -121
120 62 0 -122
120 60 0 -121
120 59 0 -122
120 58 0 -122
120 57 0 -122
119 57 0 -122
118 57 0 -122
118 56 0 -122
118 55 0 -122
117 55 0 -122
117 54 0 -122
117 53 0 -122
117 52 0 -122
117 51 0 -122
117 50 0 -122
116 50 0 -122
115 50 0 -122
115 49 0 -122
115 48 0 -122
115 47 0 -122
115 46 0 -122
115 45 0 -122
115 44 0 -122
115 43 0 -122
115 42 0 -122
115 41 0 -122
115 40 0 -122
115 39 0 -122
115 38 0 -122
115 37 0 -122
115 36 0 -122
118 63 0 -121
118 64 0 -122
118 62 0 -121
118 61 0 -121
118 60 0 -122
118 59 0 -122
118 58 0 -122
116 64 0 -121
116 65 0 -122
116 63 0 -122
115 63 0 -122
114 63 0 -122
113 63 0 -122
113 62 0 -122
113 61 0 -122
113 60 0 -122
113 59 0 -122
113 58 0 -122
113 57 0 -122
113 56 0 -122
113 55 0 -122
113 54 0 -122
113 53 0 -122
113 52 0 -122
113 51 0 -122
113 50 0 -122
113 49 0 -122
113 48 0 -122
113 47 0 -122
113 46 0 -122
113 45 0 -122
113 44 0 -122
113 43 0 -122
113 42 0 -122
113 41 0 -122
113 40 0 -122
113 39 0 -122
113 38 0 -122
113 37 0 -122
113 36 0 -122
114 65 0 -121
114 66 0 -122
114 64 0 -122
118 65 0 -121
118 66 0 -122
124 66 0 -121
124 67 0 -122
124 65 0 -121
124 64 0 -121
124 63 0 -121
124 62 0 -122
124 61 0 -122
124 60 0 -122
124 59 0 -122
124 58 0 -122
124 57 0 -122
124 56 0 -122
124 55 0 -122
124 54 0 -122
124 53 0 -122
124 52 0 -122
124 51 0 -122
124 50 0 -122
124 49 0 -122
116 67 0 -121
116 68 0 -122
116 66 0 -121
122 68 0 -121
122 69 0 -122
122 67 0 -121
122 66 0 -121
122 65 0 -121
122 64 0 -121
122 63 0 -121
122 62 0 -121
122 61 0 -121
122 60 0 -121
122 59 0 -121
122 58 0 -121
122 57 0 -121
122 56 0 -122
123 56 0 -122
122 71 0 -121
122 72 0 -122
122 70 0 -121
120 75 0 -121
120 76 0 -122
120 74 0 -122
120 73 0 -122
121 73 0 -122
122 73 0 -122
119 77 0 -121
119 78 0 -122
119 76 0 -121
119 75 0 -122
119 74 0 -122
124 77 0 -121
124 78 0 -122
124 76 0 -121
124 75 0 -122
124 74 0 -122
124 73 0 -122
123 73 0 -122
123 72 0 -122
122 78 0 -121
122 79 0 -122
122 77 0 -121
122 76 0 -121
122 75 0 -122
122 74 0 -122
124 79 0 -121
124 80 0 -122
120 80 0 -121
120 81 0 -122
120 79 0 -121
120 78 0 -121
120 77 0 -122
122 84 0 -121
122 85 0 -122
122 83 0 -121
122 82 0 -121
122 81 0 -121
122 80 0 -122
124 84 0 -121
124 85 0 -122
124 83 0 -121
124 82 0 -122
124 81 0 -122
122 88 0 -121
122 89 0 -122
122 87 0 -121
122 86 0 -121
111 95 0 -121
111 96 0 -122
111 94 0 -121
111 93 0 -121
111 92 0 -122
111 91 0 -122
111 90 0 -122
111 89 0 -122
111 88 0 -122
111 87 0 -122
111 86 0 -122
111 85 0 -122
111 84 0 -122
111 83 0 -122
111 82 0 -122
111 81 0 -122
111 80 0 -122
111 79 0 -122
111 78 0 -122
111 77 0 -122
111 76 0 -122
110 76 0 -122
110 75 0 -122
110 74 0 -122
110 73 0 -122
110 72 0 -122
110 71 0 -122
110 70 0 -122
110 69 0 -122
110 68 0 -122
110 67 0 -122
110 66 0 -122
110 65 0 -122
110 64 0 -122
110 63 0 -122
110 62 0 -122
110 61 0 -122
110 60 0 -122
110 59 0 -122
110 58 0 -122
110 57 0 -122
110 56 0 -122
110 55 0 -122
110 54 0 -122
110 53 0 -122
110 52 0 -122
110 51 0 -122
110 50 0 -122
110 49 0 -122
110 48 0 -122
110 47 0 -122
110 46 0 -122
110 45 0 -122
110 44 0 -122
110 43 0 -122
110 42 0 -122
111 42 0 -122
111 41 0 -122
112 41 0 -122
112 40 0 -122
112 39 0 -122
112 38 0 -122
112 37 0 -122
112 36 0 -122
109 96 0 -121
109 97 0 -122
109 95 0 -122
109 94 0 -122
109 93 0 -122
109 92 0 -122
109 91 0 -122
109 90 0 -122
109 89 0 -122
109 88 0 -122
109 87 0 -122
109 86 0 -122
109 85 0 -122
109 84 0 -122
109 83 0 -122
109 82 0 -122
109 81 0 -122
109 80 0 -122
109 79 0 -122
109 78 0 -122
109 77 0 -122
109 76 0 -122
109 75 0 -122
109 74 0 -122
109 73 0 -122
109 72 0 -122
109 71 0 -122
109 70 0 -122
109 69 0 -122
109 68 0 -122
109 67 0 -122
109 66 0 -122
109 65 0 -122
109 64 0 -122
109 63 0 -122
109 62 0 -122
109 61 0 -122
109 60 0 -122
109 59 0 -122
109 58 0 -122
109 57 0 -122
109 56 0 -122
109 55 0 -122
109 54 0 -122
109 53 0 -122
109 52 0 -122
109 51 0 -122
103 100 0 -121
103 101 0 -122
103 99 0 -122
103 98 0 -122
103 97 0 -122
103 96 0 -122
103 95 0 -122
103 94 0 -122
103 93 0 -122
103 92 0 -122
103 91 0 -122
103 90 0 -122
103 89 0 -122
103 88 0 -122
103 87 0 -122
103 86 0 -122
103 85 0 -122
103 84 0 -122
103 83 0 -122
103 82 0 -122
103 81 0 -122
103 80 0 -122
103 79 0 -122
103 78 0 -122
103 77 0 -122
103 76 0 -122
103 75 0 -122
103 74 0 -122
103 73 0 -122
103 72 0 -122
103 71 0 -122
103 70 0 -122
103 69 0 -122
103 68 0 -122
103 67 0 -122
103 66 0 -122
103 65 0 -122
103 64 0 -122
103 63 0 -122
103 62 0 -122
103 61 0 -122
103 60 0 -122
103 59 0 -122
103 58 0 -122
103 57 0 -122
103 56 0 -122
103 55 0 -122
103 54 0 -122
103 53 0 -122
103 52 0 -122
103 51 0 -122
102 51 0 -122
102 50 0 -122
102 49 0 -122
102 48 0 -122
101 48 0 -122
100 48 0 -122
100 47 0 -122
99 47 0 -122
99 46 0 -122
99 45 0 -122
99 44 0 -122
99 43 0 -122
98 43 0 -122
98 44 0 -122
97 44 0 -122
96 44 0 -122
95 44 0 -122
95 43 0 -122
95 42 0 -122
95 41 0 -122
95 40 0 -122
94 40 0 -122
94 39 0 -122
94 38 0 -122
94 37 0 -122
94 36 0 -122
93 36 0 -122
93 35 0 -122
93 34 0 -122
93 33 0 -122
93 32 0 -122
92 32 0 -122
92 31 0 -122
92 30 0 -122
92 29 0 -122
92 28 0 -122
93 28 0 -122
94 28 0 -122
94 27 0 -122
95 27 0 -122
96 27 0 -122
105 102 0 -121
105 103 0 -122
105 101 0 -121
105 100 0 -121
105 99 0 -122
104 99 0 -122
104 98 0 -122
104 97 0 -122
104 96 0 -122
104 95 0 -122
104 94 0 -122
104 93 0 -122
104 92 0 -122
104 91 0 -122
104 90 0 -122
104 89 0 -122
104 88 0 -122
104 87 0 -122
104 86 0 -122
104 85 0 -122
104 84 0 -122
104 83 0 -122
104 82 0 -122
104 81 0 -122
104 80 0 -122
104 79 0 -122
104 78 0 -122
104 77 0 -122
104 76 0 -122
104 75 0 -122
104 74 0 -122
104 73 0 -122
104 72 0 -122
104 71 0 -122
104 70 0 -122
104 69 0 -122
104 68 0 -122
104 67 0 -122
104 66 0 -122
104 65 0 -122
104 64 0 -122
104 63 0 -122
104 62 0 -122
104 61 0 -122
104 60 0 -122
104 59 0 -122
104 58 0 -122
104 57 0 -122
104 56 0 -122
104 55 0 -122
104 54 0 -122
104 53 0 -122
104 52 0 -122
104 51 0 -122
107 104 0 -121
107 105 0 -122
107 103 0 -121
107 102 0 -121
107 101 0 -121
107 100 0 -121
107 99 0 -121
107 98 0 -121
107 97 0 -121
107 96 0 -121
107 95 0 -121
107 94 0 -122
107 93 0 -122
107 92 0 -122
107 91 0 -122
107 90 0 -122
107 89 0 -122
107 88 0 -122
107 87 0 -122
107 86 0 -122
107 85 0 -122
107 84 0 -122
107 83 0 -122
107 82 0 -122
107 81 0 -122
107 80 0 -122
107 79 0 -122
107 78 0 -122
107 77 0 -122
107 76 0 -122
107 75 0 -122
107 74 0 -122
107 73 0 -122
107 72 0 -122
107 71 0 -122
107 70 0 -122
107 69 0 -122
107 68 0 -122
107 67 0 -122
107 66 0 -122
107 65 0 -122
107 64 0 -122
107 63 0 -122
107 62 0 -122
107 61 0 -122
107 60 0 -122
107 59 0 -122
107 58 0 -122
107 57 0 -122
107 56 0 -122
107 55 0 -122
107 54 0 -122
107 53 0 -122
107 52 0 -122
106 52 0 -122
105 52 0 -122
105 51 0 -122
105 50 0 -122
104 50 0 -122
127 104 0 -121
127 105 0 -122
127 103 0 -121
127 102 0 -121
127 101 0 -121
127 100 0 -122
127 99 0 -122
127 98 0 -122
127 97 0 -122
127 96 0 -122
127 95 0 -122
127 94 0 -122
127 93 0 -122
127 92 0 -122
127 91 0 -122
127 90 0 -122
127 89 0 -122
127 88 0 -122
127 87 0 -122
127 86 0 -122
127 85 0 -122
127 84 0 -122
127 83 0 -122
127 82 0 -122
127 81 0 -122
127 80 0 -122
127 79 0 -122
127 78 0 -122
127 77 0 -122
127 76 0 -122
127 75 0 -123
127 74 0 -123
127 73 0 -123
127 72 0 -123
127 71 0 -123
127 70 0 -123
127 69 0 -123
104 105 0 -121
104 106 0 -122
104 104 0 -121
104 103 0 -121
104 102 0 -121
104 101 0 -121
104 100 0 -122
107 108 0 -121
107 109 0 -122
107 107 0 -121
107 106 0 -122
104 109 0 -121
104 110 0 -122
104 108 0 -121
104 107 0 -122
101 110 0 -121
101 111 0 -122
101 109 0 -121
101 108 0 -121
101 107 0 -121
101 106 0 -121
101 105 0 -122
101 104 0 -122
100 104 0 -122
100 103 0 -122
100 102 0 -122
100 101 0 -122
100 100 0 -122
100 99 0 -122
100 98 0 -122
100 97 0 -122
100 96 0 -122
100 95 0 -122
100 94 0 -122
100 93 0 -122
100 92 0 -122
100 91 0 -122
100 90 0 -122
100 89 0 -122
100 88 0 -122
100 87 0 -122
100 86 0 -122
100 85 0 -122
100 84 0 -122
100 83 0 -122
100 82 0 -122
100 81 0 -122
100 80 0 -122
100 79 0 -122
100 78 0 -122
100 77 0 -122
100 76 0 -122
100 75 0 -122
100 74 0 -122
100 73 0 -122
100 72 0 -122
100 71 0 -122
100 70 0 -122
100 69 0 -122
100 68 0 -122
100 67 0 -122
100 66 0 -122
100 65 0 -122
100 64 0 -122
100 63 0 -122
100 62 0 -122
100 61 0 -122
100 60 0 -122
100 59 0 -122
100 58 0 -122
100 57 0 -122
100 56 0 -122
100 55 0 -122
100 54 0 -122
100 53 0 -122
100 52 0 -122
100 51 0 -122
100 50 0 -122
100 49 0 -122
102 115 0 -121
102 116 0 -122
102 114 0 -121
102 113 0 -121
102 112 0 -121
102 111 0 -121
102 110 0 -121
102 109 0 -122
102 108 0 -122
102 107 0 -122
103 107 0 -122
103 116 0 -121
103 117 0 -122
103 115 0 -122
103 114 0 -122
103 113 0 -122
103 112 0 -122
103 111 0 -122
104 111 0 -122
64 4 0 -122
65 4 0 -122
63 4 0 -122
63 3 0 -122
63 2 0 -122
63 1 0 -122
65 3 0 -122
65 2 0 -122
65 1 0 -122
94 4 0 -122
94 3 0 -122
94 2 0 -122
94 1 0 -122
96 5 0 -122
95 5 0 -122
95 4 0 -122
95 3 0 -122
95 2 0 -122
95 1 0 -122
81 6 0 -122
81 5 0 -122
81 4 0 -122
81 3 0 -122
81 2 0 -122
81 1 0 -122
81 8 0 -122
82 8 0 -122
82 7 0 -122
82 6 0 -122
82 5 0 -122
82 4 0 -122
82 3 0 -122
82 2 0 -122
82 1 0 -122
78 9 0 -122
78 8 0 -122
78 7 0 -122
78 6 0 -122
78 5 0 -122
78 4 0 -122
78 3 0 -122
78 2 0 -122
78 1 0 -122
85 9 0 -122
84 9 0 -122
84 8 0 -122
84 7 0 -122
83 7 0 -122
83 6 0 -122
83 5 0 -122
83 4 0 -122
83 3 0 -122
83 2 0 -122
83 1 0 -122
82 11 0 -122
82 10 0 -122
82 9 0 -122
79 14 0 -122
80 14 0 -122
80 13 0 -122
80 12 0 -122
81 18 0 -122
68 20 0 -122
67 20 0 -122
67 19 0 -122
67 18 0 -122
67 17 0 -122
67 16 0 -122
67 15 0 -122
67 14 0 -122
67 13 0 -122
67 12 0 -122
67 11 0 -122
67 10 0 -122
67 9 0 -122
67 8 0 -122
67 7 0 -122
67 6 0 -122
67 5 0 -122
67 4 0 -122
67 3 0 -122
67 2 0 -122
67 1 0 -122
105 21 0 -122
79 22 0 -122
78 22 0 -122
78 21 0 -122
78 20 0 -122
78 19 0 -122
59 24 0 -122
60 24 0 -122
58 24 0 -122
58 23 0 -122
58 22 0 -122
58 21 0 -122
58 20 0 -122
58 19 0 -122
58 18 0 -122
58 17 0 -122
58 16 0 -122
58 15 0 -122
58 14 0 -122
58 13 0 -122
58 12 0 -122
58 11 0 -122
58 10 0 -122
58 9 0 -122
58 8 0 -122
58 7 0 -122
58 6 0 -122
58 5 0 -122
58 4 0 -122
58 3 0 -122
58 2 0 -122
58 1 0 -122
60 23 0 -122
60 22 0 -122
60 21 0 -122
60 20 0 -122
60 19 0 -122
60 18 0 -122
60 17 0 -122
60 16 0 -122
60 15 0 -122
60 14 0 -122
60 13 0 -122
60 12 0 -122
60 11 0 -122
60 10 0 -122
60 9 0 -122
60 8 0 -122
60 7 0 -122
60 6 0 -122
60 5 0 -122
60 4 0 -122
60 3 0 -122
60 2 0 -122
60 1 0 -122
105 24 0 -122
106 24 0 -122
106 23 0 -122
70 26 0 -122
71 26 0 -122
71 25 0 -122
71 24 0 -122
71 23 0 -122
71 22 0 -122
71 21 0 -122
71 20 0 -122
71 19 0 -122
71 18 0 -122
71 17 0 -122
71 16 0 -122
71 15 0 -122
71 14 0 -122
71 13 0 -122
71 12 0 -122
71 11 0 -122
71 10 0 -122
71 9 0 -122
71 8 0 -122
71 7 0 -122
71 6 0 -122
71 5 0 -122
71 4 0 -122
71 3 0 -122
71 2 0 -122
71 1 0 -122
81 26 0 -122
80 26 0 -122
80 25 0 -122
79 28 0 -122
80 28 0 -122
78 28 0 -122
78 27 0 -122
78 26 0 -122
78 25 0 -122
78 24 0 -122
78 23 0 -122
80 27 0 -122
84 28 0 -122
84 27 0 -122
84 26 0 -122
84 25 0 -122
84 24 0 -122
83 24 0 -122
83 23 0 -122
83 22 0 -122
82 22 0 -122
82 23 0 -122
81 29 0 -122
80 29 0 -122
96 31 0 -122
95 31 0 -122
94 31 0 -122
94 30 0 -122
93 30 0 -122
93 29 0 -122
98 31 0 -122
99 31 0 -122
99 30 0 -122
99 29 0 -122
99 28 0 -122
99 27 0 -122
99 26 0 -122
103 31 0 -122
102 31 0 -122
102 30 0 -122
101 30 0 -122
100 30 0 -122
100 29 0 -122
100 28 0 -122
87 32 0 -122
88 32 0 -122
86 32 0 -122
86 31 0 -122
85 31 0 -122
85 30 0 -122
85 29 0 -122
85 28 0 -122
85 27 0 -122
88 31 0 -122
89 31 0 -122
90 31 0 -122
91 31 0 -122
94 32 0 -122
105 32 0 -122
106 32 0 -122
106 31 0 -122
106 30 0 -122
106 29 0 -122
106 28 0 -122
106 27 0 -122
106 26 0 -122
106 25 0 -122
81 33 0 -122
80 33 0 -122
79 33 0 -122
79 32 0 -122
79 31 0 -122
79 30 0 -122
79 29 0 -122
85 33 0 -122
85 32 0 -122
23 34 0 -122
22 34 0 -122
22 33 0 -122
22 32 0 -122
22 31 0 -122
22 30 0 -122
22 29 0 -122
22 28 0 -122
22 27 0 -122
22 26 0 -122
22 25 0 -122
22 24 0 -122
22 23 0 -122
22 22 0 -122
22 21 0 -122
22 20 0 -122
22 19 0 -122
22 18 0 -122
22 17 0 -122
22 16 0 -122
22 15 0 -122
22 14 0 -122
22 13 0 -122
22 12 0 -122
22 11 0 -122
22 10 0 -122
22 9 0 -122
22 8 0 -122
22 7 0 -122
22 6 0 -122
22 5 0 -122
22 4 0 -122
22 3 0 -122
22 2 0 -122
22 1 0 -122
108 36 0 -122
109 36 0 -122
107 36 0 -122
106 36 0 -122
106 35 0 -122
106 34 0 -122
106 33 0 -122
109 35 0 -122
109 34 0 -122
109 33 0 -122
109 32 0 -122
109 31 0 -122
109 30 0 -122
109 29 0 -122
109 28 0 -122
109 27 0 -122
109 26 0 -122
111 36 0 -122
110 36 0 -122
110 35 0 -122
110 34 0 -122
110 33 0 -122
110 32 0 -122
110 31 0 -122
110 30 0 -122
110 29 0 -122
110 28 0 -122
103 37 0 -122
102 37 0 -122
102 36 0 -122
102 35 0 -122
102 34 0 -122
102 33 0 -122
102 32 0 -122
85 39 0 -122
86 39 0 -122
86 38 0 -122
86 37 0 -122
86 36 0 -122
85 36 0 -122
85 35 0 -122
85 34 0 -122
99 39 0 -122
100 39 0 -122
98 39 0 -122
98 38 0 -122
98 37 0 -122
98 36 0 -122
98 35 0 -122
98 34 0 -122
98 33 0 -122
98 32 0 -122
100 38 0 -122
100 37 0 -122
100 36 0 -122
101 36 0 -122
101 35 0 -122
101 34 0 -122
101 33 0 -122
101 32 0 -122
101 31 0 -122
107 39 0 -122
108 39 0 -122
108 38 0 -122
108 37 0 -122
91 42 0 -122
92 42 0 -122
90 42 0 -122
90 41 0 -122
89 41 0 -122
89 40 0 -122
88 40 0 -122
88 39 0 -122
87 39 0 -122
87 38 0 -122
92 41 0 -122
92 40 0 -122
92 39 0 -122
92 38 0 -122
92 37 0 -122
92 36 0 -122
92 35 0 -122
92 34 0 -122
92 33 0 -122
27 43 0 -122
26 43 0 -122
26 42 0 -122
26 41 0 -122
26 40 0 -122
26 39 0 -122
26 38 0 -122
26 37 0 -122
26 36 0 -122
26 35 0 -122
26 34 0 -122
26 33 0 -122
26 32 0 -122
26 31 0 -122
26 30 0 -122
26 29 0 -122
26 28 0 -122
26 27 0 -122
26 26 0 -122
26 25 0 -122
26 24 0 -122
26 23 0 -122
26 22 0 -122
26 21 0 -122
26 20 0 -122
26 19 0 -122
26 18 0 -122
26 17 0 -122
26 16 0 -122
26 15 0 -122
26 14 0 -122
26 13 0 -122
26 12 0 -122
26 11 0 -122
26 10 0 -122
26 9 0 -122
26 8 0 -122
26 7 0 -122
26 6 0 -122
26 5 0 -122
26 4 0 -122
26 3 0 -122
26 2 0 -122
26 1 0 -122
91 45 0 -122
92 45 0 -122
90 45 0 -122
89 45 0 -122
89 44 0 -122
89 43 0 -122
89 42 0 -122
92 44 0 -122
92 43 0 -122
94 45 0 -122
95 45 0 -122
93 45 0 -122
34 47 0 -122
35 47 0 -122
33 47 0 -122
33 46 0 -122
33 45 0 -122
33 44 0 -122
33 43 0 -122
33 42 0 -122
33 41 0 -122
33 40 0 -122
33 39 0 -122
33 38 0 -122
33 37 0 -122
33 36 0 -122
33 35 0 -122
33 34 0 -122
33 33 0 -122
33 32 0 -122
33 31 0 -122
33 30 0 -122
33 29 0 -122
33 28 0 -122
33 27 0 -122
33 26 0 -122
33 25 0 -122
33 24 0 -122
33 23 0 -122
33 22 0 -122
33 21 0 -122
33 20 0 -122
33 19 0 -122
33 18 0 -122
33 17 0 -122
33 16 0 -122
33 15 0 -122
33 14 0 -122
33 13 0 -122
33 12 0 -122
33 11 0 -122
33 10 0 -122
33 9 0 -122
33 8 0 -122
33 7 0 -122
33 6 0 -122
33 5 0 -122
33 4 0 -122
33 3 0 -122
33 2 0 -122
33 1 0 -122
35 46 0 -122
35 45 0 -122
35 44 0 -122
35 43 0 -122
35 42 0 -122
35 41 0 -122
35 40 0 -122
35 39 0 -122
35 38 0 -122
35 37 0 -122
35 36 0 -122
35 35 0 -122
35 34 0 -122
35 33 0 -122
35 32 0 -122
35 31 0 -122
35 30 0 -122
35 29 0 -122
35 28 0 -122
35 27 0 -122
35 26 0 -122
35 25 0 -122
35 24 0 -122
35 23 0 -122
35 22 0 -122
35 21 0 -122
35 20 0 -122
35 19 0 -122
35 18 0 -122
35 17 0 -122
35 16 0 -122
35 15 0 -122
35 14 0 -122
35 13 0 -122
35 12 0 -122
35 11 0 -122
35 10 0 -122
35 9 0 -122
35 8 0 -122
35 7 0 -122
35 6 0 -122
35 5 0 -122
35 4 0 -122
35 3 0 -122
35 2 0 -122
35 1 0 -122
97 47 0 -122
98 47 0 -122
96 47 0 -122
96 46 0 -122
95 46 0 -122
98 46 0 -122
98 45 0 -122
96 50 0 -122
97 50 0 -122
95 50 0 -122
95 49 0 -122
95 48 0 -122
95 47 0 -122
97 49 0 -122
97 48 0 -122
88 51 0 -122
89 51 0 -122
87 51 0 -122
87 50 0 -122
87 49 0 -122
87 48 0 -122
87 47 0 -122
87 46 0 -122
87 45 0 -122
87 44 0 -122
87 43 0 -122
87 42 0 -122
87 41 0 -122
87 40 0 -122
89 50 0 -122
89 49 0 -122
89 48 0 -122
89 47 0 -122
89 46 0 -122
92 51 0 -122
93 51 0 -122
91 51 0 -122
91 50 0 -122
91 49 0 -122
91 48 0 -122
91 47 0 -122
91 46 0 -122
93 50 0 -122
93 49 0 -122
93 48 0 -122
93 47 0 -122
93 46 0 -122
94 51 0 -122
95 51 0 -122
101 51 0 -122
108 52 0 -122
108 51 0 -122
94 53 0 -122
95 53 0 -122
93 53 0 -122
93 52 0 -122
95 52 0 -122
86 58 0 -122
86 57 0 -122
86 56 0 -122
86 55 0 -122
86 54 0 -122
86 53 0 -122
86 52 0 -122
86 51 0 -122
86 50 0 -122
86 49 0 -122
86 48 0 -122
86 47 0 -122
86 46 0 -122
86 45 0 -122
86 44 0 -122
86 43 0 -122
86 42 0 -122
86 41 0 -122
86 40 0 -122
80 59 0 -122
81 59 0 -122
79 59 0 -122
79 58 0 -122
79 57 0 -122
79 56 0 -122
79 55 0 -122
79 54 0 -122
79 53 0 -122
79 52 0 -122
79 51 0 -122
79 50 0 -122
79 49 0 -122
79 48 0 -122
79 47 0 -122
79 46 0 -122
79 45 0 -122
79 44 0 -122
79 43 0 -122
79 42 0 -122
79 41 0 -122
79 40 0 -122
79 39 0 -122
79 38 0 -122
79 37 0 -122
79 36 0 -122
79 35 0 -122
79 34 0 -122
81 58 0 -122
81 57 0 -122
81 56 0 -122
81 55 0 -122
81 54 0 -122
81 53 0 -122
81 52 0 -122
81 51 0 -122
81 50 0 -122
81 49 0 -122
81 48 0 -122
81 47 0 -122
81 46 0 -122
81 45 0 -122
81 44 0 -122
81 43 0 -122
81 42 0 -122
81 41 0 -122
81 40 0 -122
81 39 0 -122
81 38 0 -122
81 37 0 -122
81 36 0 -122
81 35 0 -122
81 34 0 -122
87 61 0 -122
88 61 0 -122
86 61 0 -122
86 60 0 -122
86 59 0 -122
88 60 0 -122
88 59 0 -122
88 58 0 -122
88 57 0 -122
88 56 0 -122
88 55 0 -122
88 54 0 -122
88 53 0 -122
88 52 0 -122
96 61 0 -122
97 61 0 -122
95 61 0 -122
95 60 0 -122
95 59 0 -122
95 58 0 -122
95 57 0 -122
95 56 0 -122
95 55 0 -122
95 54 0 -122
97 60 0 -122
97 59 0 -122
97 58 0 -122
97 57 0 -122
97 56 0 -122
97 55 0 -122
97 54 0 -122
97 53 0 -122
97 52 0 -122
97 51 0 -122
94 62 0 -122
95 62 0 -122
93 62 0 -122
93 61 0 -122
93 60 0 -122
93 59 0 -122
93 58 0 -122
93 57 0 -122
93 56 0 -122
93 55 0 -122
93 54 0 -122
102 64 0 -122
101 64 0 -122
101 63 0 -122
101 62 0 -122
101 61 0 -122
101 60 0 -122
101 59 0 -122
101 58 0 -122
101 57 0 -122
101 56 0 -122
101 55 0 -122
101 54 0 -122
101 53 0 -122
101 52 0 -122
50 72 0 -122
51 72 0 -122
49 72 0 -122
49 71 0 -122
49 70 0 -122
49 69 0 -122
49 68 0 -122
49 67 0 -122
49 66 0 -122
49 65 0 -122
49 64 0 -122
49 63 0 -122
49 62 0 -122
49 61 0 -122
49 60 0 -122
49 59 0 -122
49 58 0 -122
49 57 0 -122
49 56 0 -122
49 55 0 -122
49 54 0 -122
49 53 0 -122
49 52 0 -122
49 51 0 -122
49 50 0 -122
49 49 0 -122
49 48 0 -122
49 47 0 -122
49 46 0 -122
49 45 0 -122
49 44 0 -122
49 43 0 -122
49 42 0 -122
49 41 0 -122
49 40 0 -122
49 39 0 -122
49 38 0 -122
49 37 0 -122
49 36 0 -122
49 35 0 -122
49 34 0 -122
49 33 0 -122
49 32 0 -122
49 31 0 -122
49 30 0 -122
49 29 0 -122
49 28 0 -122
49 27 0 -122
49 26 0 -122
49 25 0 -122
49 24 0 -122
49 23 0 -122
49 22 0 -122
49 21 0 -122
49 20 0 -122
49 19 0 -122
49 18 0 -122
49 17 0 -122
49 16 0 -122
49 15 0 -122
49 14 0 -122
49 13 0 -122
49 12 0 -122
49 11 0 -122
49 10 0 -122
49 9 0 -122
49 8 0 -122
49 7 0 -122
49 6 0 -122
49 5 0 -122
49 4 0 -122
49 3 0 -122
49 2 0 -122
49 1 0 -122
51 71 0 -122
51 70 0 -122
51 69 0 -122
51 68 0 -122
51 67 0 -122
51 66 0 -122
51 65 0 -122
51 64 0 -122
51 63 0 -122
51 62 0 -122
51 61 0 -122
51 60 0 -122
51 59 0 -122
51 58 0 -122
51 57 0 -122
51 56 0 -122
51 55 0 -122
51 54 0 -122
51 53 0 -122
51 52 0 -122
51 51 0 -122
51 50 0 -122
51 49 0 -122
51 48 0 -122
51 47 0 -122
51 46 0 -122
51 45 0 -122
51 44 0 -122
51 43 0 -122
51 42 0 -122
51 41 0 -122
51 40 0 -122
51 39 0 -122
51 38 0 -122
51 37 0 -122
51 36 0 -122
51 35 0 -122
51 34 0 -122
51 33 0 -122
51 32 0 -122
51 31 0 -122
51 30 0 -122
51 29 0 -122
51 28 0 -122
51 27 0 -122
51 26 0 -122
51 25 0 -122
51 24 0 -122
51 23 0 -122
51 22 0 -122
51 21 0 -122
51 20 0 -122
51 19 0 -122
51 18 0 -122
51 17 0 -122
51 16 0 -122
51 15 0 -122
51 14 0 -122
51 13 0 -122
51 12 0 -122
51 11 0 -122
51 10 0 -122
51 9 0 -122
51 8 0 -122
51 7 0 -122
51 6 0 -122
51 5 0 -122
51 4 0 -122
51 3 0 -122
51 2 0 -122
51 1 0 -122
52 75 0 -122
53 75 0 -122
51 75 0 -122
51 74 0 -122
50 74 0 -122
50 73 0 -122
53 74 0 -122
53 73 0 -122
53 72 0 -122
53 71 0 -122
53 70 0 -122
53 69 0 -122
53 68 0 -122
53 67 0 -122
53 66 0 -122
53 65 0 -122
53 64 0 -122
53 63 0 -122
53 62 0 -122
53 61 0 -122
53 60 0 -122
53 59 0 -122
53 58 0 -122
53 57 0 -122
53 56 0 -122
53 55 0 -122
53 54 0 -122
53 53 0 -122
53 52 0 -122
53 51 0 -122
53 50 0 -122
53 49 0 -122
53 48 0 -122
53 47 0 -122
53 46 0 -122
53 45 0 -122
53 44 0 -122
53 43 0 -122
53 42 0 -122
53 41 0 -122
53 40 0 -122
53 39 0 -122
53 38 0 -122
53 37 0 -122
53 36 0 -122
53 35 0 -122
53 34 0 -122
53 33 0 -122
53 32 0 -122
53 31 0 -122
53 30 0 -122
53 29 0 -122
53 28 0 -122
53 27 0 -122
53 26 0 -122
53 25 0 -122
53 24 0 -122
53 23 0 -122
53 22 0 -122
53 21 0 -122
53 20 0 -122
53 19 0 -122
53 18 0 -122
53 17 0 -122
53 16 0 -122
53 15 0 -122
53 14 0 -122
53 13 0 -122
53 12 0 -122
53 11 0 -122
53 10 0 -122
53 9 0 -122
53 8 0 -122
53 7 0 -122
53 6 0 -122
53 5 0 -122
53 4 0 -122
53 3 0 -122
53 2 0 -122
53 1 0 -122
55 77 0 -122
56 77 0 -122
54 77 0 -122
54 76 0 -122
54 75 0 -122
54 74 0 -122
54 73 0 -122
54 72 0 -122
54 71 0 -122
54 70 0 -122
54 69 0 -122
54 68 0 -122
54 67 0 -122
54 66 0 -122
54 65 0 -122
54 64 0 -122
54 63 0 -122
54 62 0 -122
54 61 0 -122
54 60 0 -122
54 59 0 -122
54 58 0 -122
54 57 0 -122
54 56 0 -122
54 55 0 -122
54 54 0 -122
54 53 0 -122
54 52 0 -122
54 51 0 -122
54 50 0 -122
54 49 0 -122
54 48 0 -122
54 47 0 -122
54 46 0 -122
54 45 0 -122
54 44 0 -122
54 43 0 -122
54 42 0 -122
54 41 0 -122
54 40 0 -122
54 39 0 -122
54 38 0 -122
54 37 0 -122
54 36 0 -122
54 35 0 -122
54 34 0 -122
54 33 0 -122
54 32 0 -122
54 31 0 -122
54 30 0 -122
54 29 0 -122
54 28 0 -122
54 27 0 -122
54 26 0 -122
54 25 0 -122
54 24 0 -122
54 23 0 -122
54 22 0 -122
54 21 0 -122
54 20 0 -122
54 19 0 -122
54 18 0 -122
54 17 0 -122
54 16 0 -122
54 15 0 -122
54 14 0 -122
54 13 0 -122
54 12 0 -122
54 11 0 -122
54 10 0 -122
54 9 0 -122
54 8 0 -122
54 7 0 -122
54 6 0 -122
54 5 0 -122
54 4 0 -122
54 3 0 -122
54 2 0 -122
54 1 0 -122
56 76 0 -122
56 75 0 -122
56 74 0 -122
56 73 0 -122
56 72 0 -122
56 71 0 -122
56 70 0 -122
56 69 0 -122
56 68 0 -122
56 67 0 -122
56 66 0 -122
56 65 0 -122
56 64 0 -122
56 63 0 -122
56 62 0 -122
56 61 0 -122
56 60 0 -122
56 59 0 -122
56 58 0 -122
56 57 0 -122
56 56 0 -122
56 55 0 -122
56 54 0 -122
56 53 0 -122
56 52 0 -122
56 51 0 -122
56 50 0 -122
56 49 0 -122
56 48 0 -122
56 47 0 -122
56 46 0 -122
56 45 0 -122
56 44 0 -122
56 43 0 -122
56 42 0 -122
56 41 0 -122
56 40 0 -122
56 39 0 -122
56 38 0 -122
56 37 0 -122
56 36 0 -122
56 35 0 -122
56 34 0 -122
56 33 0 -122
56 32 0 -122
56 31 0 -122
56 30 0 -122
56 29 0 -122
56 28 0 -122
56 27 0 -122
56 26 0 -122
56 25 0 -122
56 24 0 -122
56 23 0 -122
56 22 0 -122
56 21 0 -122
56 20 0 -122
56 19 0 -122
56 18 0 -122
56 17 0 -122
56 16 0 -122
56 15 0 -122
56 14 0 -122
56 13 0 -122
56 12 0 -122
56 11 0 -122
56 10 0 -122
56 9 0 -122
56 8 0 -122
56 7 0 -122
56 6 0 -122
56 5 0 -122
56 4 0 -122
56 3 0 -122
56 2 0 -122
56 1 0 -122
110 79 0 -122
113 79 0 -122
114 79 0 -122
112 79 0 -122
112 78 0 -122
112 77 0 -122
112 76 0 -122
114 78 0 -122
115 78 0 -122
115 77 0 -122
115 76 0 -122
115 75 0 -122
114 75 0 -122
114 74 0 -122
113 74 0 -122
113 75 0 -122
112 75 0 -122
116 84 0 -122
117 84 0 -122
115 84 0 -122
115 83 0 -122
115 82 0 -122
114 82 0 -122
114 81 0 -122
114 80 0 -122
117 83 0 -122
117 82 0 -122
117 81 0 -122
116 81 0 -122
116 80 0 -122
115 80 0 -122
115 79 0 -122
110 87 0 -122
113 87 0 -122
114 87 0 -122
112 87 0 -122
112 86 0 -122
112 85 0 -122
112 84 0 -122
112 83 0 -122
112 82 0 -122
112 81 0 -122
112 80 0 -122
114 86 0 -122
114 85 0 -122
115 85 0 -122
108 94 0 -122
97 123 0 -122
98 123 0 -122
96 123 0 -122
96 122 0 -122
96 121 0 -122
96 120 0 -122
96 119 0 -122
96 118 0 -122
96 117 0 -122
96 116 0 -122
96 115 0 -122
96 114 0 -122
96 113 0 -122
96 112 0 -122
96 111 0 -122
96 110 0 -122
96 109 0 -122
96 108 0 -122
96 107 0 -122
96 106 0 -122
96 105 0 -122
96 104 0 -122
96 103 0 -122
96 102 0 -122
96 101 0 -122
96 100 0 -122
96 99 0 -122
96 98 0 -122
96 97 0 -122
96 96 0 -122
96 95 0 -122
96 94 0 -122
96 93 0 -122
96 92 0 -122
96 91 0 -122
96 90 0 -122
96 89 0 -122
96 88 0 -122
96 87 0 -122
96 86 0 -122
96 85 0 -122
96 84 0 -122
96 83 0 -122
96 82 0 -122
96 81 0 -122
96 80 0 -122
96 79 0 -122
96 78 0 -122
96 77 0 -122
96 76 0 -122
96 75 0 -122
96 74 0 -122
96 73 0 -122
96 72 0 -122
96 71 0 -122
96 70 0 -122
96 69 0 -122
96 68 0 -122
96 67 0 -122
96 66 0 -122
96 65 0 -122
96 64 0 -122
96 63 0 -122
96 62 0 -122
98 122 0 -122
98 121 0 -122
98 120 0 -122
98 119 0 -122
98 118 0 -122
98 117 0 -122
98 116 0 -122
98 115 0 -122
97 115 0 -122
97 114 0 -122
97 113 0 -122
97 112 0 -122
97 111 0 -122
97 110 0 -122
97 109 0 -122
97 108 0 -122
97 107 0 -122
97 106 0 -122
97 105 0 -122
97 104 0 -122
97 103 0 -122
97 102 0 -122
97 101 0 -122
97 100 0 -122
97 99 0 -122
97 98 0 -122
97 97 0 -122
97 96 0 -122
97 95 0 -122
97 94 0 -122
97 93 0 -122
97 92 0 -122
97 91 0 -122
97 90 0 -122
97 89 0 -122
97 88 0 -122
97 87 0 -122
97 86 0 -122
97 85 0 -122
97 84 0 -122
97 83 0 -122
97 82 0 -122
97 81 0 -122
97 80 0 -122
97 79 0 -122
97 78 0 -122
97 77 0 -122
97 76 0 -122
97 75 0 -122
97 74 0 -122
97 73 0 -122
97 72 0 -122
97 71 0 -122
97 70 0 -122
97 69 0 -122
97 68 0 -122
97 67 0 -122
97 66 0 -122
97 65 0 -122
97 64 0 -122
97 63 0 -122
97 62 0 -122
127 125 0 -121
127 126 0 -122
127 124 0 -121
127 123 0 -121
127 122 0 -122
127 121 0 -122
127 120 0 -122
127 119 0 -122
127 118 0 -122
127 117 0 -122
127 116 0 -122
127 115 0 -122
127 114 0 -122
127 113 0 -122
127 112 0 -122
127 111 0 -122
127 110 0 -122
127 109 0 -122
127 108 0 -122
127 107 0 -122
127 106 0 -122
125 104 0 -120
126 104 0 -120
124 104 0 -120
124 103 0 -120
124 102 0 -120
124 101 0 -120
124 100 0 -121
124 99 0 -121
124 98 0 -121
124 97 0 -121
124 96 0 -121
124 95 0 -121
124 94 0 -121
124 93 0 -121
124 92 0 -121
124 91 0 -121
124 90 0 -121
124 89 0 -121
124 88 0 -121
124 87 0 -121
124 86 0 -122
126 103 0 -120
126 102 0 -120
126 101 0 -120
126 100 0 -121
126 99 0 -121
126 98 0 -121
126 97 0 -121
126 96 0 -121
126 95 0 -121
126 94 0 -121
126 93 0 -121
126 92 0 -121
126 91 0 -121
126 90 0 -121
126 89 0 -121
126 88 0 -121
126 87 0 -121
126 86 0 -121
126 85 0 -121
126 84 0 -121
126 83 0 -121
126 82 0 -121
126 81 0 -121
126 80 0 -121
126 79 0 -121
126 78 0 -121
126 77 0 -121
126 76 0 -121
126 75 0 -122
126 74 0 -122
126 73 0 -122
126 72 0 -122
126 71 0 -122
126 70 0 -122
126 69 0 -122
126 68 0 -122
124 107 0 -120
125 107 0 -120
123 107 0 -120
123 106 0 -120
123 105 0 -120
123 104 0 -120
123 103 0 -120
123 102 0 -120
123 101 0 -121
123 100 0 -121
123 99 0 -121
123 98 0 -121
123 97 0 -121
123 96 0 -121
123 95 0 -121
123 94 0 -121
123 93 0 -121
123 92 0 -121
123 91 0 -121
123 90 0 -121
123 89 0 -121
123 88 0 -121
123 87 0 -121
123 86 0 -121
123 85 0 -121
123 84 0 -121
123 83 0 -121
123 82 0 -121
123 81 0 -121
123 80 0 -121
123 79 0 -121
123 78 0 -121
123 77 0 -121
123 76 0 -121
123 75 0 -122
123 74 0 -122
125 106 0 -120
125 105 0 -120
